Upphafleg Simplex tafla

T =

           1          -3          -5          -7           0        1000           0        1000           0
           0           1           5           3           1           0           0           0         420
           0           0          -2           7           0           1           0           0         350
           0           3           2           2           0           0          -1           1         720

Simplex tafla á eiginlegu formi

T =

           1       -3003          -5       -9007           0           0        1000           0    -1070000
           0           1           5           3           1           0           0           0         420
           0           0          -2           7           0           1           0           0         350
           0           3           2           2           0           0          -1           1         720

Bestun hefst
Ítrun #1: vendilína 3 og vendidálkur 4

T =

   1.0e+05 *

    0.0000   -0.0300   -0.0258         0         0    0.0129    0.0100         0   -6.1965
         0    0.0000    0.0001         0    0.0000   -0.0000         0         0    0.0027
         0         0   -0.0000    0.0000         0    0.0000         0         0    0.0005
         0    0.0000    0.0000         0         0   -0.0000   -0.0000    0.0000    0.0062

Ítrun #2: vendilína 4 og vendidálkur 2

T =

   1.0e+03 *

    0.0010         0   -0.0044         0         0    1.0007   -0.0010    1.0010    0.9700
         0         0    0.0050         0    0.0010   -0.0003    0.0003   -0.0003    0.0633
         0         0   -0.0003    0.0010         0    0.0001         0         0    0.0500
         0    0.0010    0.0009         0         0   -0.0001   -0.0003    0.0003    0.2067

Ítrun #3: vendilína 2 og vendidálkur 3

T =

   1.0e+03 *

    0.0010         0         0         0    0.0009    1.0004   -0.0007    1.0007    1.0261
         0         0    0.0010         0    0.0002   -0.0001    0.0001   -0.0001    0.0127
         0         0         0    0.0010    0.0001    0.0001    0.0000   -0.0000    0.0536
         0    0.0010         0         0   -0.0002   -0.0000   -0.0004    0.0004    0.1958

Ítrun #4: vendilína 2 og vendidálkur 7

T =

   1.0e+03 *

    0.0010         0    0.0106         0    0.0030    0.9997         0    1.0000    1.1600
         0         0    0.0150         0    0.0030   -0.0010    0.0010   -0.0010    0.1900
         0         0   -0.0003    0.0010    0.0000    0.0001         0         0    0.0500
         0    0.0010    0.0059         0    0.0010   -0.0004         0         0    0.2700

Bestun lokið í 4 ítrunum
